n = 100
(n+1)/2

n = 1000
n*(n+1)/2

n <- 100
totalSum = n*(n+1)/2
totalSum = totalSum

n <- 1000
totalsum = n*(n+1)/2
totalsum = totalsum